99,52
99,51
99,50
99,49
99,48
99,47
99,46
99,45
99,44
99,43
99,42
99,41
99,40
99,39
99,38
99,37
99,36
99,35
10,166
10,292
10,72
10,116
10,300
10,110
10,4
10,150
11,12
11,13
8,6
8,9
8,16
97,3
97,2
97,1
97,0
95,4
95,3
95,2
95,1
95,0
93,3
93,2
93,1
93,0
91,3
91,2
91,1
91,0
89,3
89,2
89,1
89,0
88,4
88,3
88,2
88,1
88,0
87,4
87,3
87,2
87,1
87,0
86,3
86,2
86,1
12,3
12,2
20,2
20,1
20,3
12,1
11,28
11,27
11,23
19,2
19,1
11,22
11,19
11,17
19,3
11,16
11,15
11,9
11,4
11,3
11,2
11,1
10,299
10,290
10,283
10,268
10,262
10,249
10,241
10,240
10,236
10,219
10,209
18,1
10,193
18,3
10,192
10,106
14,1
10,101
10,3
10,2
14,3
13,1
10,1
9,7
9,6
13,3
9,5
9,4
9,3
9,2
9,1
